# Region      : cellZone cz_solid_15
# Cells       : 1938
# Volume      : 2.142490e-03
# Time        	volIntegrateU
20            	7.761721e-09 -6.519015e-09 2.505358e-09
40            	6.880388e-09 -1.119596e-08 2.415820e-09
60            	6.302150e-09 -1.514146e-08 2.433295e-09
80            	5.711775e-09 -1.835518e-08 2.436342e-09
100           	5.037576e-09 -2.074352e-08 2.393021e-09
120           	4.247686e-09 -2.218321e-08 2.265411e-09
140           	3.290660e-09 -2.260269e-08 1.955423e-09
160           	2.316174e-09 -2.198470e-08 1.583069e-09
180           	1.527023e-09 -2.057302e-08 1.178006e-09
200           	8.914032e-10 -1.862017e-08 7.714380e-10
220           	4.240502e-10 -1.634312e-08 4.112686e-10
240           	1.136828e-10 -1.391578e-08 1.281849e-10
260           	-5.582538e-11 -1.154203e-08 -8.908159e-11
280           	-1.120592e-10 -9.500071e-09 -2.849860e-10
300           	-1.073595e-10 -7.930804e-09 -4.593388e-10
320           	-7.019971e-11 -6.701650e-09 -5.842818e-10
340           	-1.156343e-11 -5.663291e-09 -6.577191e-10
360           	6.680885e-11 -4.721175e-09 -6.909976e-10
380           	1.697978e-10 -3.816835e-09 -6.943933e-10
400           	2.861769e-10 -2.921245e-09 -6.821007e-10
420           	4.110811e-10 -2.024917e-09 -6.685200e-10
440           	5.585052e-10 -1.116896e-09 -6.584329e-10
460           	7.323351e-10 -1.810888e-10 -6.437885e-10
480           	9.103579e-10 7.930814e-10 -5.792814e-10
500           	1.025448e-09 1.821706e-09 -4.054000e-10
520           	1.031814e-09 2.926366e-09 -1.973731e-10
540           	9.807745e-10 4.029374e-09 -8.083990e-11
560           	9.306008e-10 5.036485e-09 -6.725553e-11
580           	9.052392e-10 5.917353e-09 -9.772309e-11
600           	8.986071e-10 6.660244e-09 -1.317807e-10
620           	9.022151e-10 7.258010e-09 -1.583960e-10
640           	9.074017e-10 7.712203e-09 -1.786488e-10
660           	9.095358e-10 8.034665e-09 -1.944091e-10
680           	9.067526e-10 8.245084e-09 -2.069515e-10
700           	8.996863e-10 8.368796e-09 -2.169875e-10
720           	8.894514e-10 8.431091e-09 -2.250215e-10
740           	8.773969e-10 8.453984e-09 -2.311255e-10
760           	8.614638e-10 8.456465e-09 -2.362825e-10
780           	8.408177e-10 8.455624e-09 -2.407752e-10
800           	8.155631e-10 8.466368e-09 -2.447975e-10
820           	7.856555e-10 8.500723e-09 -2.487793e-10
840           	7.506768e-10 8.567744e-09 -2.536154e-10
860           	7.109179e-10 8.672623e-09 -2.600726e-10
880           	6.671693e-10 8.817481e-09 -2.685364e-10
900           	6.204518e-10 9.001610e-09 -2.787580e-10
920           	5.722540e-10 9.220579e-09 -2.899234e-10
940           	5.240636e-10 9.466234e-09 -3.020607e-10
960           	4.762867e-10 9.728790e-09 -3.158791e-10
980           	4.263334e-10 1.000102e-08 -3.326526e-10
1000          	3.720740e-10 1.028087e-08 -3.513953e-10
1020          	3.138417e-10 1.057087e-08 -3.689443e-10
1040          	2.540157e-10 1.087497e-08 -3.829428e-10
1060          	1.946626e-10 1.119849e-08 -3.920721e-10
1080          	1.390924e-10 1.155029e-08 -3.936584e-10
1100          	9.553826e-11 1.193377e-08 -3.886594e-10
1120          	6.583736e-11 1.233952e-08 -3.808159e-10
1140          	5.128815e-11 1.275283e-08 -3.722939e-10
1160          	4.683665e-11 1.315350e-08 -3.687415e-10
1180          	4.284231e-11 1.352553e-08 -3.706281e-10
1200          	3.408638e-11 1.386561e-08 -3.762936e-10
1220          	2.091176e-11 1.417599e-08 -3.833471e-10
1240          	6.480087e-12 1.445936e-08 -3.901783e-10
1260          	-7.846745e-12 1.471778e-08 -3.971856e-10
1280          	-2.126101e-11 1.495330e-08 -4.044387e-10
1300          	-3.343750e-11 1.516838e-08 -4.117536e-10
1320          	-4.493042e-11 1.536560e-08 -4.190046e-10
1340          	-5.496532e-11 1.554687e-08 -4.258195e-10
1360          	-6.385162e-11 1.571394e-08 -4.321457e-10
1380          	-7.173494e-11 1.586816e-08 -4.376899e-10
1400          	-7.888816e-11 1.601022e-08 -4.428432e-10
1420          	-8.544191e-11 1.614072e-08 -4.476171e-10
1440          	-9.162599e-11 1.625966e-08 -4.522019e-10
1460          	-9.766428e-11 1.636677e-08 -4.567269e-10
1480          	-1.038052e-10 1.646170e-08 -4.612812e-10
1500          	-1.103932e-10 1.654419e-08 -4.658786e-10
1520          	-1.168656e-10 1.661395e-08 -4.702259e-10
1540          	-1.235567e-10 1.667097e-08 -4.743952e-10
1560          	-1.301404e-10 1.671515e-08 -4.785117e-10
1580          	-1.363912e-10 1.674677e-08 -4.824981e-10
1600          	-1.429409e-10 1.676642e-08 -4.865436e-10
1620          	-1.489912e-10 1.677437e-08 -4.903448e-10
1640          	-1.551762e-10 1.677156e-08 -4.940959e-10
1660          	-1.614389e-10 1.675899e-08 -4.977526e-10
1680          	-1.675765e-10 1.673775e-08 -5.011471e-10
1700          	-1.733872e-10 1.670912e-08 -5.041869e-10
1720          	-1.795011e-10 1.667507e-08 -5.069949e-10
1740          	-1.850550e-10 1.663707e-08 -5.092693e-10
1760          	-1.903701e-10 1.659700e-08 -5.112499e-10
1780          	-1.949387e-10 1.655610e-08 -5.128916e-10
1800          	-1.990401e-10 1.651555e-08 -5.144169e-10
1820          	-2.031565e-10 1.647574e-08 -5.159681e-10
1840          	-2.064884e-10 1.643687e-08 -5.174647e-10
1860          	-2.097790e-10 1.639925e-08 -5.188368e-10
1880          	-2.132617e-10 1.636346e-08 -5.202707e-10
1900          	-2.163409e-10 1.632942e-08 -5.215652e-10
