# Region      : cellZone cz_solid_90
# Cells       : 2222
# Volume      : 2.143231e-03
# Time        	volIntegrateU
20            	2.713404e-10 -2.117853e-09 3.217292e-09
40            	-8.773259e-11 -3.370951e-09 4.634614e-09
60            	-4.141781e-10 -3.995247e-09 5.932505e-09
80            	-7.721278e-10 -3.779269e-09 7.074133e-09
100           	-1.174548e-09 -2.503620e-09 7.975781e-09
120           	-1.591527e-09 -6.216777e-11 8.520191e-09
140           	-2.716523e-09 3.835746e-09 9.128334e-09
160           	-2.575224e-09 8.522547e-09 8.108043e-09
180           	-2.687607e-09 1.280355e-08 7.219868e-09
200           	-2.846815e-09 1.704381e-08 5.657475e-09
220           	-2.750372e-09 2.106494e-08 3.377515e-09
240           	-2.105402e-09 2.384615e-08 9.975964e-10
260           	-1.058181e-09 2.549645e-08 -8.501122e-10
280           	1.150832e-11 2.630510e-08 -1.825000e-09
300           	7.291784e-10 2.651683e-08 -2.127933e-09
320           	1.086919e-09 2.636279e-08 -2.099872e-09
340           	1.264686e-09 2.596581e-08 -1.933735e-09
360           	1.374629e-09 2.539966e-08 -1.711905e-09
380           	1.457198e-09 2.472550e-08 -1.474243e-09
400           	1.523707e-09 2.398943e-08 -1.248899e-09
420           	1.580675e-09 2.322561e-08 -1.052094e-09
440           	1.631261e-09 2.245461e-08 -8.918914e-10
460           	1.674272e-09 2.169909e-08 -7.748000e-10
480           	1.714138e-09 2.100363e-08 -7.003261e-10
500           	1.748705e-09 2.039598e-08 -6.584392e-10
520           	1.776430e-09 1.988386e-08 -6.397401e-10
540           	1.796151e-09 1.946233e-08 -6.374420e-10
560           	1.809427e-09 1.913147e-08 -6.474098e-10
580           	1.819555e-09 1.889981e-08 -6.637804e-10
600           	1.827504e-09 1.876960e-08 -6.794096e-10
620           	1.833537e-09 1.873596e-08 -6.898991e-10
640           	1.839143e-09 1.879256e-08 -6.943046e-10
660           	1.844337e-09 1.892903e-08 -6.914103e-10
680           	1.848258e-09 1.913301e-08 -6.816201e-10
700           	1.849456e-09 1.939422e-08 -6.698283e-10
720           	1.846041e-09 1.970528e-08 -6.628655e-10
740           	1.838274e-09 2.006268e-08 -6.659885e-10
760           	1.827593e-09 2.045847e-08 -6.774070e-10
780           	1.813842e-09 2.087694e-08 -6.932683e-10
800           	1.794491e-09 2.130054e-08 -7.145079e-10
820           	1.773277e-09 2.172882e-08 -7.459184e-10
840           	1.751899e-09 2.216588e-08 -7.791470e-10
860           	1.726525e-09 2.261318e-08 -8.158191e-10
880           	1.700185e-09 2.307630e-08 -8.562009e-10
900           	1.672417e-09 2.356216e-08 -8.986908e-10
920           	1.643372e-09 2.407958e-08 -9.421041e-10
940           	1.613282e-09 2.463584e-08 -9.852688e-10
960           	1.582216e-09 2.523714e-08 -1.027461e-09
980           	1.551434e-09 2.588830e-08 -1.068200e-09
1000          	1.520879e-09 2.659155e-08 -1.107217e-09
1020          	1.491792e-09 2.735021e-08 -1.145610e-09
1040          	1.463608e-09 2.816643e-08 -1.183907e-09
1060          	1.436957e-09 2.904283e-08 -1.222114e-09
1080          	1.412059e-09 2.997972e-08 -1.258851e-09
1100          	1.388350e-09 3.097082e-08 -1.292563e-09
1120          	1.365909e-09 3.200490e-08 -1.322368e-09
1140          	1.344546e-09 3.306893e-08 -1.348476e-09
1160          	1.324554e-09 3.415484e-08 -1.372530e-09
1180          	1.306445e-09 3.526148e-08 -1.395583e-09
1200          	1.290090e-09 3.638902e-08 -1.417024e-09
1220          	1.274305e-09 3.753655e-08 -1.436694e-09
1240          	1.259006e-09 3.870320e-08 -1.455282e-09
1260          	1.244540e-09 3.988707e-08 -1.472926e-09
1280          	1.230523e-09 4.108335e-08 -1.489472e-09
1300          	1.216879e-09 4.228695e-08 -1.505214e-09
1320          	1.203837e-09 4.349455e-08 -1.520384e-09
1340          	1.191447e-09 4.470382e-08 -1.534942e-09
1360          	1.179817e-09 4.591286e-08 -1.548757e-09
1380          	1.168892e-09 4.712015e-08 -1.561591e-09
1400          	1.158577e-09 4.832427e-08 -1.573491e-09
1420          	1.148878e-09 4.952422e-08 -1.584423e-09
1440          	1.139883e-09 5.071914e-08 -1.594572e-09
1460          	1.131539e-09 5.190857e-08 -1.603889e-09
1480          	1.123767e-09 5.309203e-08 -1.612542e-09
1500          	1.116531e-09 5.426935e-08 -1.620531e-09
1520          	1.109753e-09 5.544039e-08 -1.627908e-09
1540          	1.103526e-09 5.660490e-08 -1.634668e-09
1560          	1.097831e-09 5.776261e-08 -1.640795e-09
1580          	1.092732e-09 5.891261e-08 -1.646156e-09
1600          	1.088119e-09 6.005446e-08 -1.651015e-09
1620          	1.084070e-09 6.118760e-08 -1.655110e-09
1640          	1.080322e-09 6.231213e-08 -1.658812e-09
1660          	1.077060e-09 6.342806e-08 -1.661908e-09
1680          	1.074113e-09 6.453535e-08 -1.664573e-09
1700          	1.071451e-09 6.563408e-08 -1.666767e-09
1720          	1.069049e-09 6.672437e-08 -1.668576e-09
1740          	1.066855e-09 6.780626e-08 -1.670034e-09
1760          	1.064890e-09 6.887988e-08 -1.671234e-09
1780          	1.063156e-09 6.994540e-08 -1.672281e-09
1800          	1.061656e-09 7.100320e-08 -1.673230e-09
1820          	1.060420e-09 7.205345e-08 -1.674146e-09
1840          	1.059410e-09 7.309672e-08 -1.675031e-09
1860          	1.058613e-09 7.413352e-08 -1.675875e-09
1880          	1.057963e-09 7.516425e-08 -1.676637e-09
1900          	1.057443e-09 7.618962e-08 -1.677286e-09
1920          	1.056975e-09 7.721026e-08 -1.677705e-09
1940          	1.056521e-09 7.822663e-08 -1.677963e-09
1960          	1.056044e-09 7.923917e-08 -1.678163e-09
1980          	1.055632e-09 8.024859e-08 -1.678264e-09
2000          	1.055257e-09 8.125543e-08 -1.678322e-09
2020          	1.054924e-09 8.225983e-08 -1.678272e-09
2040          	1.054622e-09 8.326227e-08 -1.678128e-09
2060          	1.054326e-09 8.426273e-08 -1.678026e-09
2080          	1.054109e-09 8.526152e-08 -1.677928e-09
2100          	1.053937e-09 8.625886e-08 -1.677790e-09
2120          	1.053791e-09 8.725498e-08 -1.677591e-09
2140          	1.053730e-09 8.824985e-08 -1.677423e-09
2160          	1.053653e-09 8.924372e-08 -1.677305e-09
2180          	1.053608e-09 9.023667e-08 -1.677172e-09
2200          	1.053607e-09 9.122878e-08 -1.677013e-09
2220          	1.053574e-09 9.222015e-08 -1.676941e-09
2240          	1.053592e-09 9.321087e-08 -1.676866e-09
2260          	1.053606e-09 9.420108e-08 -1.676729e-09
2280          	1.053709e-09 9.519082e-08 -1.676559e-09
2300          	1.053754e-09 9.618019e-08 -1.676498e-09
2320          	1.053817e-09 9.716933e-08 -1.676424e-09
2340          	1.053886e-09 9.815836e-08 -1.676291e-09
2360          	1.053965e-09 9.914735e-08 -1.676239e-09
