# Region      : cellZone cz_solid_69
# Cells       : 2016
# Volume      : 2.143643e-03
# Time        	volIntegrateU
20            	-4.702816e-10 -4.295285e-09 2.019915e-09
40            	-1.068148e-09 -8.194181e-09 2.988086e-09
60            	-1.655278e-09 -1.227652e-08 3.933658e-09
80            	-2.267514e-09 -1.657582e-08 4.915687e-09
100           	-2.869634e-09 -2.135548e-08 5.873920e-09
120           	-3.437266e-09 -2.686534e-08 6.740612e-09
140           	-4.704959e-09 -3.376571e-08 8.357207e-09
160           	-4.611085e-09 -4.071453e-08 8.201349e-09
180           	-4.522612e-09 -4.769358e-08 8.043650e-09
200           	-4.134817e-09 -5.448678e-08 7.585689e-09
220           	-3.493541e-09 -6.106519e-08 6.805368e-09
240           	-2.652223e-09 -6.748628e-08 5.691915e-09
260           	-1.633929e-09 -7.383717e-08 4.335825e-09
280           	-4.940560e-10 -8.031461e-08 2.986547e-09
300           	6.596829e-10 -8.714220e-08 1.977285e-09
320           	1.620315e-09 -9.436754e-08 1.456976e-09
340           	2.214714e-09 -1.018107e-07 1.320567e-09
360           	2.465273e-09 -1.091734e-07 1.381383e-09
380           	2.517311e-09 -1.162125e-07 1.506098e-09
400           	2.496420e-09 -1.228055e-07 1.630369e-09
420           	2.467021e-09 -1.289154e-07 1.727855e-09
440           	2.452179e-09 -1.345484e-07 1.789697e-09
460           	2.455625e-09 -1.397298e-07 1.816237e-09
480           	2.474325e-09 -1.444929e-07 1.812500e-09
500           	2.504008e-09 -1.488747e-07 1.783875e-09
520           	2.541463e-09 -1.529153e-07 1.735327e-09
540           	2.585226e-09 -1.566552e-07 1.670195e-09
560           	2.634483e-09 -1.601306e-07 1.591052e-09
580           	2.689164e-09 -1.633714e-07 1.501121e-09
600           	2.749144e-09 -1.664003e-07 1.404009e-09
620           	2.814504e-09 -1.692347e-07 1.305027e-09
640           	2.883595e-09 -1.718872e-07 1.210473e-09
660           	2.954239e-09 -1.743628e-07 1.126188e-09
680           	3.023746e-09 -1.766594e-07 1.056293e-09
700           	3.086855e-09 -1.787777e-07 1.000304e-09
720           	3.139188e-09 -1.807213e-07 9.511017e-10
740           	3.184602e-09 -1.825024e-07 8.983777e-10
760           	3.230824e-09 -1.841562e-07 8.383773e-10
780           	3.282344e-09 -1.857292e-07 7.731148e-10
800           	3.336855e-09 -1.872551e-07 7.038956e-10
820           	3.391957e-09 -1.887506e-07 6.312501e-10
840           	3.446949e-09 -1.902210e-07 5.567046e-10
860           	3.500609e-09 -1.916653e-07 4.825016e-10
880           	3.551750e-09 -1.930797e-07 4.103554e-10
900           	3.599709e-09 -1.944603e-07 3.416500e-10
920           	3.644412e-09 -1.958046e-07 2.771434e-10
940           	3.685892e-09 -1.971114e-07 2.174222e-10
960           	3.724454e-09 -1.983811e-07 1.627593e-10
980           	3.760388e-09 -1.996145e-07 1.133517e-10
1000          	3.794283e-09 -2.008124e-07 6.894815e-11
1020          	3.826507e-09 -2.019764e-07 2.917263e-11
1040          	3.857249e-09 -2.031074e-07 -6.453722e-12
1060          	3.886352e-09 -2.042049e-07 -3.825755e-11
1080          	3.914184e-09 -2.052683e-07 -6.673882e-11
1100          	3.941544e-09 -2.062976e-07 -9.305370e-11
1120          	3.968780e-09 -2.072939e-07 -1.179093e-10
1140          	3.996145e-09 -2.082606e-07 -1.419198e-10
1160          	4.023447e-09 -2.092027e-07 -1.656974e-10
1180          	4.049934e-09 -2.101245e-07 -1.894947e-10
1200          	4.074904e-09 -2.110289e-07 -2.134740e-10
1220          	4.098054e-09 -2.119160e-07 -2.373236e-10
1240          	4.119216e-09 -2.127846e-07 -2.602409e-10
1260          	4.138062e-09 -2.136351e-07 -2.815316e-10
1280          	4.154459e-09 -2.144684e-07 -3.008842e-10
1300          	4.168549e-09 -2.152859e-07 -3.183660e-10
1320          	4.180525e-09 -2.160896e-07 -3.342003e-10
1340          	4.190708e-09 -2.168809e-07 -3.486835e-10
1360          	4.199412e-09 -2.176612e-07 -3.621243e-10
1380          	4.206828e-09 -2.184311e-07 -3.747886e-10
1400          	4.213274e-09 -2.191919e-07 -3.869195e-10
1420          	4.218923e-09 -2.199440e-07 -3.986653e-10
1440          	4.223956e-09 -2.206879e-07 -4.101924e-10
1460          	4.228468e-09 -2.214239e-07 -4.215482e-10
1480          	4.232546e-09 -2.221523e-07 -4.327586e-10
1500          	4.236276e-09 -2.228735e-07 -4.438258e-10
1520          	4.239738e-09 -2.235879e-07 -4.546560e-10
1540          	4.242926e-09 -2.242959e-07 -4.651901e-10
1560          	4.245966e-09 -2.249985e-07 -4.754806e-10
1580          	4.248881e-09 -2.256966e-07 -4.854818e-10
1600          	4.251651e-09 -2.263908e-07 -4.951925e-10
1620          	4.254341e-09 -2.270824e-07 -5.046511e-10
1640          	4.256939e-09 -2.277719e-07 -5.139513e-10
1660          	4.259447e-09 -2.284602e-07 -5.230891e-10
1680          	4.261863e-09 -2.291480e-07 -5.320264e-10
1700          	4.264184e-09 -2.298360e-07 -5.407086e-10
1720          	4.266430e-09 -2.305243e-07 -5.489781e-10
1740          	4.268682e-09 -2.312144e-07 -5.567678e-10
1760          	4.270962e-09 -2.319064e-07 -5.640259e-10
1780          	4.273307e-09 -2.326012e-07 -5.707139e-10
1800          	4.275713e-09 -2.332988e-07 -5.768502e-10
1820          	4.278123e-09 -2.339999e-07 -5.824470e-10
1840          	4.280539e-09 -2.347047e-07 -5.876326e-10
1860          	4.282866e-09 -2.354132e-07 -5.923878e-10
1880          	4.285068e-09 -2.361252e-07 -5.967887e-10
1900          	4.287156e-09 -2.368410e-07 -6.009144e-10
