# Region      : cellZone cz_solid_51
# Cells       : 2100
# Volume      : 2.142257e-03
# Time        	volIntegrate(U)
20            	(7.084115e-10 -9.195732e-09 5.067869e-09)
40            	(6.057349e-10 -1.638366e-08 6.051519e-09)
60            	(4.946968e-10 -2.337750e-08 6.900500e-09)
80            	(3.380590e-10 -3.030717e-08 7.592296e-09)
100           	(1.176689e-10 -3.730025e-08 8.081909e-09)
120           	(-1.928023e-10 -4.445618e-08 8.325830e-09)
140           	(-1.266831e-09 -5.202519e-08 8.068849e-09)
160           	(-1.794415e-09 -5.895021e-08 7.404256e-09)
180           	(-2.554844e-09 -6.479828e-08 6.005831e-09)
200           	(-3.308847e-09 -6.907689e-08 3.875978e-09)
220           	(-3.661887e-09 -7.176587e-08 1.291676e-09)
240           	(-3.194449e-09 -7.365039e-08 -1.013692e-09)
260           	(-2.215090e-09 -7.575989e-08 -2.416910e-09)
280           	(-1.329763e-09 -7.863641e-08 -2.995776e-09)
300           	(-7.391603e-10 -8.228804e-08 -3.112138e-09)
320           	(-3.476780e-10 -8.646403e-08 -3.021523e-09)
340           	(-2.160169e-11 -9.088585e-08 -2.813861e-09)
360           	(2.859612e-10 -9.530863e-08 -2.498366e-09)
380           	(5.473105e-10 -9.949280e-08 -2.086162e-09)
400           	(7.284046e-10 -1.032126e-07 -1.615488e-09)
420           	(8.219650e-10 -1.063027e-07 -1.136625e-09)
440           	(8.466841e-10 -1.086933e-07 -6.931801e-10)
460           	(8.335920e-10 -1.104031e-07 -3.104387e-10)
480           	(8.105941e-10 -1.115078e-07 7.461810e-12)
500           	(7.947614e-10 -1.121066e-07 2.730457e-10)
520           	(7.925844e-10 -1.122892e-07 5.048053e-10)
540           	(8.040463e-10 -1.121264e-07 7.211784e-10)
560           	(8.249469e-10 -1.116630e-07 9.370743e-10)
580           	(8.490617e-10 -1.109191e-07 1.162887e-09)
600           	(8.705077e-10 -1.098894e-07 1.402482e-09)
620           	(8.835164e-10 -1.085429e-07 1.657308e-09)
640           	(8.784471e-10 -1.068194e-07 1.922246e-09)
660           	(8.253451e-10 -1.046118e-07 2.160358e-09)
680           	(7.377676e-10 -1.018377e-07 2.306657e-09)
700           	(6.700851e-10 -9.857733e-08 2.369788e-09)
720           	(6.092025e-10 -9.502279e-08 2.393406e-09)
740           	(5.516857e-10 -9.133023e-08 2.387594e-09)
760           	(5.127859e-10 -8.758209e-08 2.352824e-09)
780           	(4.922567e-10 -8.381912e-08 2.296510e-09)
800           	(4.839973e-10 -8.005729e-08 2.227062e-09)
820           	(4.823618e-10 -7.630091e-08 2.149247e-09)
840           	(4.835245e-10 -7.255071e-08 2.067115e-09)
860           	(4.850831e-10 -6.880762e-08 1.984119e-09)
880           	(4.861715e-10 -6.507318e-08 1.900899e-09)
900           	(4.868729e-10 -6.134859e-08 1.819518e-09)
920           	(4.870974e-10 -5.763380e-08 1.742809e-09)
940           	(4.868799e-10 -5.392901e-08 1.672880e-09)
960           	(4.861806e-10 -5.023489e-08 1.610410e-09)
980           	(4.848217e-10 -4.655350e-08 1.553455e-09)
1000          	(4.826584e-10 -4.288807e-08 1.499066e-09)
1020          	(4.799014e-10 -3.924379e-08 1.443947e-09)
1040          	(4.769571e-10 -3.562779e-08 1.385932e-09)
1060          	(4.741400e-10 -3.204911e-08 1.324360e-09)
1080          	(4.716472e-10 -2.851777e-08 1.259273e-09)
1100          	(4.697557e-10 -2.504342e-08 1.191613e-09)
1120          	(4.686250e-10 -2.163403e-08 1.123494e-09)
1140          	(4.680629e-10 -1.829506e-08 1.057300e-09)
1160          	(4.675765e-10 -1.502836e-08 9.951268e-10)
1180          	(4.665170e-10 -1.183279e-08 9.371156e-10)
1200          	(4.646877e-10 -8.706161e-09 8.819309e-10)
1220          	(4.623869e-10 -5.646582e-09 8.285288e-10)
1240          	(4.601340e-10 -2.655455e-09 7.756574e-10)
1260          	(4.585552e-10 2.630955e-10 7.226931e-10)
1280          	(4.584532e-10 3.101899e-09 6.694725e-10)
1300          	(4.606733e-10 5.850301e-09 6.160457e-10)
1320          	(4.661713e-10 8.494980e-09 5.631244e-10)
1340          	(4.757328e-10 1.102416e-08 5.123555e-10)
1360          	(4.892429e-10 1.343219e-08 4.653153e-10)
1380          	(5.055957e-10 1.572628e-08 4.231551e-10)
1400          	(5.230912e-10 1.792438e-08 3.857772e-10)
1420          	(5.400108e-10 2.004819e-08 3.529499e-10)
1440          	(5.551768e-10 2.211643e-08 3.240967e-10)
1460          	(5.680613e-10 2.414306e-08 2.989613e-10)
1480          	(5.786922e-10 2.613394e-08 2.772588e-10)
1500          	(5.874501e-10 2.809005e-08 2.588598e-10)
1520          	(5.950965e-10 3.000862e-08 2.435779e-10)
1540          	(6.024673e-10 3.188604e-08 2.310652e-10)
1560          	(6.098592e-10 3.372335e-08 2.207466e-10)
1580          	(6.173595e-10 3.552544e-08 2.122857e-10)
1600          	(6.245235e-10 3.730221e-08 2.049595e-10)
1620          	(6.311706e-10 3.906308e-08 1.988020e-10)
1640          	(6.368556e-10 4.081691e-08 1.929162e-10)
1660          	(6.418109e-10 4.257021e-08 1.875267e-10)
1680          	(6.460195e-10 4.432722e-08 1.822690e-10)
1700          	(6.496842e-10 4.609074e-08 1.773015e-10)
1720          	(6.528669e-10 4.786197e-08 1.726386e-10)
1740          	(6.556439e-10 4.964141e-08 1.683483e-10)
1760          	(6.580586e-10 5.142892e-08 1.644854e-10)
1780          	(6.601363e-10 5.322405e-08 1.610764e-10)
1800          	(6.619315e-10 5.502689e-08 1.581155e-10)
1820          	(6.634333e-10 5.683636e-08 1.555260e-10)
1840          	(6.647147e-10 5.865256e-08 1.532774e-10)
1860          	(6.657931e-10 6.047516e-08 1.513106e-10)
1880          	(6.667001e-10 6.230326e-08 1.495697e-10)
1900          	(6.674663e-10 6.413698e-08 1.480255e-10)
1920          	(6.681344e-10 6.597587e-08 1.466601e-10)
1940          	(6.686894e-10 6.781933e-08 1.454163e-10)
1960          	(6.691299e-10 6.966652e-08 1.443136e-10)
1980          	(6.695354e-10 7.151769e-08 1.434799e-10)
2000          	(6.698815e-10 7.337248e-08 1.427754e-10)
2020          	(6.701443e-10 7.522992e-08 1.422389e-10)
2040          	(6.703825e-10 7.709068e-08 1.419433e-10)
2060          	(6.705958e-10 7.895350e-08 1.417475e-10)
2080          	(6.707439e-10 8.081843e-08 1.415755e-10)
2100          	(6.708710e-10 8.268525e-08 1.415292e-10)
2120          	(6.709839e-10 8.455416e-08 1.416097e-10)
2140          	(6.710536e-10 8.642440e-08 1.416516e-10)
2160          	(6.711104e-10 8.829594e-08 1.416478e-10)
2180          	(6.711523e-10 9.016856e-08 1.417750e-10)
2200          	(6.711723e-10 9.204205e-08 1.419563e-10)
2220          	(6.711731e-10 9.391625e-08 1.420609e-10)
2240          	(6.711411e-10 9.579097e-08 1.421472e-10)
2260          	(6.711174e-10 9.766641e-08 1.422815e-10)
2280          	(6.710620e-10 9.954233e-08 1.425235e-10)
2300          	(6.709889e-10 1.014186e-07 1.426377e-10)
2320          	(6.709151e-10 1.032952e-07 1.427972e-10)
2340          	(6.708211e-10 1.051722e-07 1.429400e-10)
2360          	(6.707578e-10 1.070497e-07 1.431573e-10)
