# Region      : cellZone cz_solid_84
# Cells       : 1886
# Volume      : 2.142467e-03
# Time        	volIntegrate(U)
20            	(-5.756335e-10 -1.718013e-09 3.707573e-12)
40            	(-1.158533e-09 -2.419444e-09 8.385508e-11)
60            	(-1.744193e-09 -2.719797e-09 -3.424441e-11)
80            	(-2.335442e-09 -2.567828e-09 -2.202070e-10)
100           	(-2.840987e-09 -2.015445e-09 -3.919975e-10)
120           	(-3.265965e-09 -1.121983e-09 -5.249911e-10)
140           	(-3.920069e-09 1.332922e-10 -6.198552e-10)
160           	(-4.324895e-09 1.839872e-09 -7.785078e-10)
180           	(-4.553730e-09 3.902494e-09 -7.510460e-10)
200           	(-4.672511e-09 6.253673e-09 -6.202485e-10)
220           	(-4.657430e-09 8.821602e-09 -3.502569e-10)
240           	(-4.495437e-09 1.151606e-08 9.175816e-11)
260           	(-4.194172e-09 1.422386e-08 7.203644e-10)
280           	(-3.768300e-09 1.684080e-08 1.533818e-09)
300           	(-3.237503e-09 1.927883e-08 2.507854e-09)
320           	(-2.658192e-09 2.145408e-08 3.566623e-09)
340           	(-2.077899e-09 2.326026e-08 4.590422e-09)
360           	(-1.513888e-09 2.456340e-08 5.483820e-09)
380           	(-1.004326e-09 2.515371e-08 6.194771e-09)
400           	(-6.227183e-10 2.505451e-08 6.689914e-09)
420           	(-3.763361e-10 2.452323e-08 7.014681e-09)
440           	(-2.385729e-10 2.370612e-08 7.230516e-09)
460           	(-1.679064e-10 2.267725e-08 7.395484e-09)
480           	(-1.265223e-10 2.151565e-08 7.552449e-09)
500           	(-9.845649e-11 2.028831e-08 7.716852e-09)
520           	(-7.808598e-11 1.903674e-08 7.885179e-09)
540           	(-6.238899e-11 1.777905e-08 8.049855e-09)
560           	(-5.063738e-11 1.651903e-08 8.203871e-09)
580           	(-4.257921e-11 1.525288e-08 8.342590e-09)
600           	(-3.739271e-11 1.397601e-08 8.463397e-09)
620           	(-3.264162e-11 1.268629e-08 8.566195e-09)
640           	(-2.654270e-11 1.138546e-08 8.652511e-09)
660           	(-1.866422e-11 1.007802e-08 8.724495e-09)
680           	(-1.012031e-11 8.766503e-09 8.783256e-09)
700           	(-2.410847e-12 7.451012e-09 8.828460e-09)
720           	(3.706676e-12 6.132226e-09 8.860421e-09)
740           	(8.189823e-12 4.811663e-09 8.880814e-09)
760           	(1.156866e-11 3.491298e-09 8.892142e-09)
780           	(1.478926e-11 2.172302e-09 8.897188e-09)
800           	(1.883164e-11 8.546531e-10 8.898570e-09)
820           	(2.425387e-11 -4.626880e-10 8.898317e-09)
840           	(3.119199e-11 -1.781626e-09 8.897139e-09)
860           	(3.894000e-11 -3.104021e-09 8.894609e-09)
880           	(4.723296e-11 -4.431169e-09 8.889966e-09)
900           	(5.654074e-11 -5.763059e-09 8.883859e-09)
920           	(6.690772e-11 -7.099336e-09 8.877469e-09)
940           	(7.655172e-11 -8.441263e-09 8.870351e-09)
960           	(8.419873e-11 -9.790654e-09 8.861121e-09)
980           	(9.014068e-11 -1.114840e-08 8.850267e-09)
1000          	(9.440919e-11 -1.251483e-08 8.838560e-09)
1020          	(9.720688e-11 -1.388936e-08 8.826520e-09)
1040          	(9.867388e-11 -1.527064e-08 8.814122e-09)
1060          	(9.938577e-11 -1.665678e-08 8.801397e-09)
1080          	(9.975266e-11 -1.804566e-08 8.788316e-09)
1100          	(1.002194e-10 -1.943548e-08 8.774856e-09)
1120          	(1.010240e-10 -2.082477e-08 8.761060e-09)
1140          	(1.019969e-10 -2.221302e-08 8.746879e-09)
1160          	(1.029053e-10 -2.360051e-08 8.732063e-09)
1180          	(1.035468e-10 -2.498836e-08 8.716347e-09)
1200          	(1.040651e-10 -2.637757e-08 8.699698e-09)
1220          	(1.047799e-10 -2.776815e-08 8.682535e-09)
1240          	(1.058048e-10 -2.916020e-08 8.665350e-09)
1260          	(1.071066e-10 -3.055395e-08 8.648569e-09)
1280          	(1.085063e-10 -3.194995e-08 8.632395e-09)
1300          	(1.098345e-10 -3.334914e-08 8.616733e-09)
1320          	(1.111297e-10 -3.475209e-08 8.601462e-09)
1340          	(1.125047e-10 -3.615839e-08 8.586631e-09)
1360          	(1.139127e-10 -3.756766e-08 8.572360e-09)
1380          	(1.153240e-10 -3.897968e-08 8.558629e-09)
1400          	(1.168167e-10 -4.039446e-08 8.545545e-09)
1420          	(1.184030e-10 -4.181190e-08 8.533254e-09)
1440          	(1.200444e-10 -4.323222e-08 8.521772e-09)
1460          	(1.216295e-10 -4.465547e-08 8.511045e-09)
1480          	(1.232041e-10 -4.608185e-08 8.501053e-09)
1500          	(1.247144e-10 -4.751133e-08 8.491731e-09)
1520          	(1.261501e-10 -4.894387e-08 8.483037e-09)
1540          	(1.274683e-10 -5.037953e-08 8.474895e-09)
1560          	(1.286742e-10 -5.181818e-08 8.467219e-09)
1580          	(1.297881e-10 -5.325996e-08 8.460021e-09)
1600          	(1.307407e-10 -5.470461e-08 8.453242e-09)
1620          	(1.316012e-10 -5.615220e-08 8.446895e-09)
1640          	(1.323182e-10 -5.760262e-08 8.440883e-09)
1660          	(1.329835e-10 -5.905590e-08 8.435307e-09)
1680          	(1.336139e-10 -6.051194e-08 8.430089e-09)
1700          	(1.342400e-10 -6.197054e-08 8.425248e-09)
1720          	(1.348525e-10 -6.343156e-08 8.420711e-09)
1740          	(1.354650e-10 -6.489482e-08 8.416457e-09)
1760          	(1.360171e-10 -6.636022e-08 8.412452e-09)
1780          	(1.364594e-10 -6.782780e-08 8.408615e-09)
1800          	(1.368488e-10 -6.929745e-08 8.404967e-09)
1820          	(1.371880e-10 -7.076918e-08 8.401497e-09)
1840          	(1.375129e-10 -7.224285e-08 8.398277e-09)
1860          	(1.378361e-10 -7.371828e-08 8.395290e-09)
1880          	(1.381817e-10 -7.519540e-08 8.392523e-09)
1900          	(1.385365e-10 -7.667399e-08 8.389986e-09)
1920          	(1.389003e-10 -7.815390e-08 8.387665e-09)
1940          	(1.392613e-10 -7.963511e-08 8.385504e-09)
1960          	(1.395854e-10 -8.111764e-08 8.383457e-09)
1980          	(1.399062e-10 -8.260128e-08 8.381530e-09)
2000          	(1.401977e-10 -8.408592e-08 8.379682e-09)
2020          	(1.404499e-10 -8.557163e-08 8.377928e-09)
2040          	(1.406941e-10 -8.705809e-08 8.376290e-09)
2060          	(1.408991e-10 -8.854546e-08 8.374748e-09)
2080          	(1.410944e-10 -9.003357e-08 8.373310e-09)
2100          	(1.412498e-10 -9.152247e-08 8.371998e-09)
2120          	(1.413692e-10 -9.301202e-08 8.370820e-09)
2140          	(1.414563e-10 -9.450232e-08 8.369723e-09)
2160          	(1.415153e-10 -9.599335e-08 8.368762e-09)
2180          	(1.415526e-10 -9.748500e-08 8.367926e-09)
2200          	(1.415677e-10 -9.897723e-08 8.367207e-09)
2220          	(1.415746e-10 -1.004700e-07 8.366592e-09)
2240          	(1.415810e-10 -1.019632e-07 8.366057e-09)
2260          	(1.415511e-10 -1.034567e-07 8.365646e-09)
2280          	(1.415255e-10 -1.049505e-07 8.365311e-09)
2300          	(1.414952e-10 -1.064445e-07 8.365004e-09)
2320          	(1.414681e-10 -1.079387e-07 8.364776e-09)
2340          	(1.414485e-10 -1.094329e-07 8.364610e-09)
2360          	(1.414049e-10 -1.109271e-07 8.364458e-09)
