# Region      : cellZone cz_solid_75
# Cells       : 1988
# Volume      : 2.143043e-03
# Time        	volIntegrateU
20            	9.059388e-09 -2.068492e-08 1.946090e-09
40            	8.371795e-09 -4.232009e-08 3.644434e-09
60            	4.519154e-09 -6.502203e-08 5.255784e-09
80            	-2.581531e-09 -8.522704e-08 5.490461e-09
100           	-8.834596e-09 -9.865572e-08 2.165990e-09
120           	-1.079360e-08 -1.040224e-07 -2.919339e-09
140           	-9.972111e-09 -1.021210e-07 -6.015831e-09
160           	-8.381246e-09 -9.758165e-08 -6.415560e-09
180           	-6.773082e-09 -9.171247e-08 -5.884984e-09
200           	-5.472714e-09 -8.551890e-08 -5.072143e-09
220           	-4.491027e-09 -7.935453e-08 -4.307122e-09
240           	-3.761994e-09 -7.331333e-08 -3.673908e-09
260           	-3.220408e-09 -6.739009e-08 -3.172959e-09
280           	-2.813613e-09 -6.154491e-08 -2.779454e-09
300           	-2.497108e-09 -5.573421e-08 -2.465812e-09
320           	-2.242536e-09 -4.991973e-08 -2.211539e-09
340           	-2.029481e-09 -4.407091e-08 -2.001551e-09
360           	-1.847234e-09 -3.816538e-08 -1.824989e-09
380           	-1.688018e-09 -3.219075e-08 -1.675182e-09
400           	-1.547026e-09 -2.614864e-08 -1.547168e-09
420           	-1.421814e-09 -2.005216e-08 -1.436836e-09
440           	-1.311107e-09 -1.391733e-08 -1.340105e-09
460           	-1.212970e-09 -7.758949e-09 -1.253922e-09
480           	-1.124896e-09 -1.586418e-09 -1.173020e-09
500           	-1.045299e-09 4.600268e-09 -1.093114e-09
520           	-9.767554e-10 1.080690e-08 -1.009312e-09
540           	-9.260132e-10 1.704008e-08 -9.213926e-10
560           	-8.993775e-10 2.330029e-08 -8.339207e-10
580           	-8.961630e-10 2.956641e-08 -7.542491e-10
600           	-9.141307e-10 3.580136e-08 -6.928033e-10
620           	-9.450985e-10 4.197529e-08 -6.561363e-10
640           	-9.812335e-10 4.806941e-08 -6.394828e-10
660           	-1.019371e-09 5.407379e-08 -6.375020e-10
680           	-1.054845e-09 5.998406e-08 -6.444114e-10
700           	-1.085127e-09 6.579962e-08 -6.546331e-10
720           	-1.110251e-09 7.152150e-08 -6.649437e-10
740           	-1.129773e-09 7.715130e-08 -6.739003e-10
760           	-1.144295e-09 8.269210e-08 -6.816958e-10
780           	-1.154438e-09 8.814726e-08 -6.884411e-10
800           	-1.161258e-09 9.352016e-08 -6.944652e-10
820           	-1.165170e-09 9.881309e-08 -6.999981e-10
840           	-1.166380e-09 1.040264e-07 -7.051659e-10
860           	-1.164496e-09 1.091571e-07 -7.096257e-10
880           	-1.159217e-09 1.141980e-07 -7.131865e-10
900           	-1.149650e-09 1.191373e-07 -7.152588e-10
920           	-1.134182e-09 1.239587e-07 -7.155661e-10
940           	-1.110992e-09 1.286457e-07 -7.145065e-10
960           	-1.080517e-09 1.331862e-07 -7.130594e-10
980           	-1.048496e-09 1.375814e-07 -7.100518e-10
1000          	-1.023079e-09 1.418485e-07 -7.019144e-10
1020          	-1.005879e-09 1.460189e-07 -6.892224e-10
1040          	-9.942260e-10 1.501276e-07 -6.767249e-10
1060          	-9.855081e-10 1.541929e-07 -6.671135e-10
1080          	-9.787613e-10 1.582125e-07 -6.600666e-10
1100          	-9.739267e-10 1.621771e-07 -6.543931e-10
1120          	-9.705830e-10 1.660815e-07 -6.494203e-10
1140          	-9.679200e-10 1.699229e-07 -6.448422e-10
1160          	-9.650748e-10 1.736992e-07 -6.406674e-10
1180          	-9.615747e-10 1.774087e-07 -6.367911e-10
1200          	-9.570198e-10 1.810490e-07 -6.331715e-10
1220          	-9.512427e-10 1.846177e-07 -6.297062e-10
1240          	-9.442864e-10 1.881131e-07 -6.263397e-10
1260          	-9.361367e-10 1.915335e-07 -6.230172e-10
1280          	-9.271742e-10 1.948780e-07 -6.195509e-10
1300          	-9.175502e-10 1.981465e-07 -6.159408e-10
1320          	-9.074716e-10 2.013399e-07 -6.121675e-10
1340          	-8.972925e-10 2.044596e-07 -6.083989e-10
1360          	-8.871139e-10 2.075085e-07 -6.050459e-10
1380          	-8.770310e-10 2.104909e-07 -6.022031e-10
1400          	-8.671425e-10 2.134107e-07 -6.001930e-10
1420          	-8.575900e-10 2.162733e-07 -5.991376e-10
1440          	-8.485305e-10 2.190840e-07 -5.990836e-10
1460          	-8.400327e-10 2.218479e-07 -5.999561e-10
1480          	-8.321217e-10 2.245700e-07 -6.016089e-10
1500          	-8.248029e-10 2.272555e-07 -6.039411e-10
1520          	-8.181688e-10 2.299086e-07 -6.067205e-10
1540          	-8.121265e-10 2.325342e-07 -6.096977e-10
1560          	-8.067538e-10 2.351363e-07 -6.126861e-10
1580          	-8.021183e-10 2.377187e-07 -6.155586e-10
1600          	-7.980844e-10 2.402853e-07 -6.182308e-10
1620          	-7.947106e-10 2.428388e-07 -6.206318e-10
1640          	-7.918723e-10 2.453823e-07 -6.228001e-10
1660          	-7.894873e-10 2.479180e-07 -6.247223e-10
1680          	-7.874761e-10 2.504480e-07 -6.263830e-10
1700          	-7.858046e-10 2.529740e-07 -6.278118e-10
1720          	-7.842088e-10 2.554981e-07 -6.289238e-10
1740          	-7.827723e-10 2.580212e-07 -6.297193e-10
1760          	-7.813995e-10 2.605446e-07 -6.302550e-10
1780          	-7.801238e-10 2.630691e-07 -6.305481e-10
1800          	-7.788754e-10 2.655956e-07 -6.306419e-10
1820          	-7.775854e-10 2.681246e-07 -6.305048e-10
1840          	-7.764117e-10 2.706565e-07 -6.302984e-10
1860          	-7.752238e-10 2.731915e-07 -6.299295e-10
1880          	-7.739275e-10 2.757302e-07 -6.294292e-10
1900          	-7.726245e-10 2.782723e-07 -6.288175e-10
