# Region      : cellZone cz_solid_64
# Cells       : 1876
# Volume      : 2.142339e-03
# Time        	volIntegrateU
20            	-1.048999e-09 -4.494181e-09 -4.655065e-10
40            	-1.593335e-09 -6.742766e-09 -4.195663e-10
60            	-2.110978e-09 -8.317928e-09 -5.192332e-10
80            	-2.638195e-09 -9.456564e-09 -6.753170e-10
100           	-3.114230e-09 -1.044794e-08 -8.285853e-10
120           	-3.522835e-09 -1.151251e-08 -9.531210e-10
140           	-4.152585e-09 -1.295238e-08 -1.075692e-09
160           	-4.520271e-09 -1.469376e-08 -1.231796e-09
180           	-4.762723e-09 -1.671509e-08 -1.278308e-09
200           	-4.932663e-09 -1.894808e-08 -1.288257e-09
220           	-5.005204e-09 -2.127053e-08 -1.239152e-09
240           	-4.950683e-09 -2.353521e-08 -1.094936e-09
260           	-4.750259e-09 -2.560001e-08 -8.149309e-10
280           	-4.407074e-09 -2.739182e-08 -3.820402e-10
300           	-3.941705e-09 -2.892570e-08 1.844880e-10
320           	-3.389862e-09 -3.027308e-08 8.549838e-10
340           	-2.796418e-09 -3.151517e-08 1.618564e-09
360           	-2.211385e-09 -3.276407e-08 2.430331e-09
380           	-1.685318e-09 -3.416968e-08 3.201072e-09
400           	-1.245010e-09 -3.587208e-08 3.861053e-09
420           	-8.919679e-10 -3.794721e-08 4.378316e-09
440           	-6.230322e-10 -4.038283e-08 4.754173e-09
460           	-4.305913e-10 -4.309427e-08 5.017056e-09
480           	-2.992757e-10 -4.596365e-08 5.204241e-09
500           	-2.099669e-10 -4.888363e-08 5.349856e-09
520           	-1.467535e-10 -5.177840e-08 5.477383e-09
540           	-9.904683e-11 -5.460526e-08 5.599731e-09
560           	-6.122038e-11 -5.734381e-08 5.721606e-09
580           	-3.029291e-11 -5.998920e-08 5.843555e-09
600           	-4.242625e-12 -6.254609e-08 5.963610e-09
620           	1.936281e-11 -6.502383e-08 6.079693e-09
640           	4.271882e-11 -6.743472e-08 6.189847e-09
660           	6.734874e-11 -6.979288e-08 6.293086e-09
680           	9.372674e-11 -7.211170e-08 6.389088e-09
700           	1.214896e-10 -7.440179e-08 6.477854e-09
720           	1.496705e-10 -7.667071e-08 6.559304e-09
740           	1.770417e-10 -7.892440e-08 6.633579e-09
760           	2.030748e-10 -8.116797e-08 6.700715e-09
780           	2.279263e-10 -8.340553e-08 6.760633e-09
800           	2.521960e-10 -8.564077e-08 6.813113e-09
820           	2.771426e-10 -8.787734e-08 6.858848e-09
840           	3.034440e-10 -9.012010e-08 6.899337e-09
860           	3.307372e-10 -9.237331e-08 6.935523e-09
880           	3.585168e-10 -9.464015e-08 6.967432e-09
900           	3.865628e-10 -9.692400e-08 6.995233e-09
920           	4.141881e-10 -9.922778e-08 7.019120e-09
940           	4.399642e-10 -1.015528e-07 7.039602e-09
960           	4.628640e-10 -1.038986e-07 7.056661e-09
980           	4.823655e-10 -1.062635e-07 7.070586e-09
1000          	4.986088e-10 -1.086448e-07 7.082593e-09
1020          	5.118990e-10 -1.110391e-07 7.093494e-09
1040          	5.227623e-10 -1.134422e-07 7.103568e-09
1060          	5.318491e-10 -1.158503e-07 7.113103e-09
1080          	5.398110e-10 -1.182602e-07 7.122163e-09
1100          	5.471689e-10 -1.206693e-07 7.130686e-09
1120          	5.542271e-10 -1.230762e-07 7.138572e-09
1140          	5.609979e-10 -1.254805e-07 7.145784e-09
1160          	5.673925e-10 -1.278821e-07 7.152302e-09
1180          	5.734819e-10 -1.302812e-07 7.158313e-09
1200          	5.794105e-10 -1.326785e-07 7.164021e-09
1220          	5.853567e-10 -1.350744e-07 7.169633e-09
1240          	5.913724e-10 -1.374703e-07 7.175121e-09
1260          	5.973453e-10 -1.398677e-07 7.180417e-09
1280          	6.030560e-10 -1.422678e-07 7.185448e-09
1300          	6.083781e-10 -1.446716e-07 7.190175e-09
1320          	6.132885e-10 -1.470800e-07 7.194578e-09
1340          	6.177991e-10 -1.494930e-07 7.198529e-09
1360          	6.220041e-10 -1.519117e-07 7.202060e-09
1380          	6.259645e-10 -1.543368e-07 7.205149e-09
1400          	6.297978e-10 -1.567691e-07 7.207911e-09
1420          	6.335095e-10 -1.592094e-07 7.210420e-09
1440          	6.371578e-10 -1.616584e-07 7.212740e-09
1460          	6.406944e-10 -1.641163e-07 7.214904e-09
1480          	6.441019e-10 -1.665831e-07 7.216931e-09
1500          	6.473263e-10 -1.690586e-07 7.218806e-09
1520          	6.503443e-10 -1.715423e-07 7.220488e-09
1540          	6.531065e-10 -1.740338e-07 7.221960e-09
1560          	6.555977e-10 -1.765323e-07 7.223209e-09
1580          	6.578529e-10 -1.790377e-07 7.224283e-09
1600          	6.598372e-10 -1.815491e-07 7.225229e-09
1620          	6.616550e-10 -1.840659e-07 7.226141e-09
1640          	6.632868e-10 -1.865877e-07 7.227028e-09
1660          	6.648391e-10 -1.891140e-07 7.228022e-09
1680          	6.663282e-10 -1.916444e-07 7.229093e-09
1700          	6.677723e-10 -1.941783e-07 7.230253e-09
1720          	6.691802e-10 -1.967153e-07 7.231473e-09
1740          	6.705290e-10 -1.992549e-07 7.232723e-09
1760          	6.717878e-10 -2.017968e-07 7.233961e-09
1780          	6.729338e-10 -2.043408e-07 7.235157e-09
1800          	6.739635e-10 -2.068862e-07 7.236307e-09
1820          	6.748891e-10 -2.094333e-07 7.237422e-09
1840          	6.757377e-10 -2.119815e-07 7.238521e-09
1860          	6.765180e-10 -2.145306e-07 7.239598e-09
1880          	6.772526e-10 -2.170809e-07 7.240639e-09
1900          	6.779240e-10 -2.196322e-07 7.241663e-09
1920          	6.785481e-10 -2.221842e-07 7.242645e-09
1940          	6.791296e-10 -2.247371e-07 7.243570e-09
1960          	6.796427e-10 -2.272912e-07 7.244423e-09
1980          	6.801217e-10 -2.298459e-07 7.245226e-09
2000          	6.805432e-10 -2.324013e-07 7.245951e-09
2020          	6.809157e-10 -2.349577e-07 7.246618e-09
2040          	6.812481e-10 -2.375145e-07 7.247238e-09
2060          	6.815460e-10 -2.400725e-07 7.247838e-09
2080          	6.818119e-10 -2.426315e-07 7.248396e-09
2100          	6.820622e-10 -2.451915e-07 7.248940e-09
2120          	6.822808e-10 -2.477523e-07 7.249479e-09
2140          	6.824854e-10 -2.503141e-07 7.249973e-09
2160          	6.826704e-10 -2.528767e-07 7.250456e-09
2180          	6.828250e-10 -2.554402e-07 7.250885e-09
2200          	6.829478e-10 -2.580044e-07 7.251274e-09
2220          	6.830487e-10 -2.605692e-07 7.251614e-09
2240          	6.831323e-10 -2.631347e-07 7.251893e-09
2260          	6.831606e-10 -2.657005e-07 7.252165e-09
2280          	6.831813e-10 -2.682667e-07 7.252404e-09
2300          	6.831836e-10 -2.708331e-07 7.252578e-09
2320          	6.831774e-10 -2.733998e-07 7.252738e-09
2340          	6.831502e-10 -2.759665e-07 7.252875e-09
2360          	6.831261e-10 -2.785332e-07 7.252977e-09
